<?xml version="1.0"?>
<opencv_storage>
<camera_matrix type_id="opencv-matrix">
  <rows>3</rows>
  <cols>3</cols>
  <dt>d</dt>
  <data>
    7.4242744062763518e+02 0. 540. 0. 7.4242744062763518e+02 960. 0. 0.
    1.</data></camera_matrix>
<distortion_coefficients type_id="opencv-matrix">
  <rows>1</rows>
  <cols>5</cols>
  <dt>d</dt>
  <data>
    -1.6948101751851471e-10 -2.9561982384410215e-07
    -5.9417429532687477e-12 1.2499043455479933e-11
    5.7387248381739823e-11</data></distortion_coefficients>
</opencv_storage>
