<?xml version="1.0"?>
<opencv_storage>
<camera_matrix type_id="opencv-matrix">
  <rows>3</rows>
  <cols>3</cols>
  <dt>d</dt>
  <data>
    5.1834773645374946e+02 0. 5.4000000000024738e+02 0.
    5.1834773642679795e+02 9.5999999999649469e+02 0. 0. 1.</data></camera_matrix>
<distortion_coefficients type_id="opencv-matrix">
  <rows>1</rows>
  <cols>5</cols>
  <dt>d</dt>
  <data>
    -5.8276791199853841e-04 1.9606434498622347e-07
    -4.5462028753756318e-04 -1.4420240854175195e-04
    -2.3947940523540257e-11</data></distortion_coefficients>
</opencv_storage>
