<?xml version="1.0"?>
<opencv_storage>
<camera_matrix type_id="opencv-matrix">
  <rows>3</rows>
  <cols>3</cols>
  <dt>d</dt>
  <data>
    8.6866397216781763e+02 0. 5.4000031923712015e+02 0.
    8.6866391927539439e+02 9.6000009083841405e+02 0. 0. 1.</data></camera_matrix>
<distortion_coefficients type_id="opencv-matrix">
  <rows>1</rows>
  <cols>5</cols>
  <dt>d</dt>
  <data>
    -8.0652517897556120e-02 1.2415486854819679e-03
    1.2062950108363968e-02 1.0598708033509690e-02
    -4.5466526753963195e-06</data></distortion_coefficients>
</opencv_storage>
