<?xml version="1.0"?>
<opencv_storage>
<camera_matrix type_id="opencv-matrix">
  <rows>3</rows>
  <cols>3</cols>
  <dt>d</dt>
  <data>
    3.5479256744217741e+02 0. 5.4000000000026080e+02 0.
    3.5479256746334158e+02 9.5999999999997078e+02 0. 0. 1.</data></camera_matrix>
<distortion_coefficients type_id="opencv-matrix">
  <rows>1</rows>
  <cols>5</cols>
  <dt>d</dt>
  <data>
    -4.2536384876346164e-03 4.1178753304728799e-06
    -5.3922496103060753e-06 1.3916577800698776e-04
    -1.1139570666371100e-09</data></distortion_coefficients>
</opencv_storage>
