<?xml version="1.0"?>
<opencv_storage>
<camera_matrix type_id="opencv-matrix">
  <rows>3</rows>
  <cols>3</cols>
  <dt>d</dt>
  <data>
    9.0307412993679179e+02 0. 9.2752312823046532e+02 0.
    8.9805670860157181e+02 5.3765893809272620e+02 0. 0. 1.</data></camera_matrix>
<distortion_coefficients type_id="opencv-matrix">
  <rows>1</rows>
  <cols>5</cols>
  <dt>d</dt>
  <data>
    -5.6094276603039133e-03 7.5722569275552907e-03
    4.1607908106722051e-04 -1.1676520839146933e-02
    -2.7327728955047065e-03</data></distortion_coefficients>
</opencv_storage>
