<?xml version="1.0"?>
<opencv_storage>
<camera_matrix type_id="opencv-matrix">
  <rows>3</rows>
  <cols>3</cols>
  <dt>d</dt>
  <data>
    8.9999968861308344e+02 0. 9.6000040608688425e+02 0.
    8.9999954678734662e+02 5.4000049448466177e+02 0. 0. 1.</data></camera_matrix>
<distortion_coefficients type_id="opencv-matrix">
  <rows>1</rows>
  <cols>5</cols>
  <dt>d</dt>
  <data>
    -1.9715254999884605e-08 -1.8526427344374401e-06
    -3.2079453068599704e-08 2.5112444224137443e-07
    1.3588455640752086e-06</data></distortion_coefficients>
</opencv_storage>
