<?xml version="1.0"?>
<opencv_storage>
<camera_matrix type_id="opencv-matrix">
  <rows>3</rows>
  <cols>3</cols>
  <dt>d</dt>
  <data>
    8.9987074694426155e+02 0. 9.5906117141336313e+02 0.
    9.0001740956300296e+02 5.3996420813804002e+02 0. 0. 1.</data></camera_matrix>
<distortion_coefficients type_id="opencv-matrix">
  <rows>1</rows>
  <cols>5</cols>
  <dt>d</dt>
  <data>
    -1.0450159365854334e-04 -1.1438842846810907e-05
    -1.3096100461912943e-05 -3.5103331736071556e-04
    -4.3489551798678652e-05</data></distortion_coefficients>
</opencv_storage>
