<?xml version="1.0"?>
<opencv_storage>
<camera_matrix type_id="opencv-matrix">
  <rows>3</rows>
  <cols>3</cols>
  <dt>d</dt>
  <data>
    6.0087367485766890e+02 0. 5.4000019638676554e+02 0.
    6.0087376906408917e+02 9.5999996280129847e+02 0. 0. 1.</data></camera_matrix>
<distortion_coefficients type_id="opencv-matrix">
  <rows>1</rows>
  <cols>5</cols>
  <dt>d</dt>
  <data>
    -1.7292701128821142e-02 6.4507067899197262e-05
    3.7365613723391107e-04 1.1095455176222953e-02
    -7.0654399047219529e-08</data></distortion_coefficients>
</opencv_storage>
