<?xml version="1.0"?>
<opencv_storage>
<camera_matrix type_id="opencv-matrix">
  <rows>3</rows>
  <cols>3</cols>
  <dt>d</dt>
  <data>
    8.9999990987531157e+02 0. 9.6000098209887346e+02 0.
    8.9999977857903048e+02 5.3999916706157751e+02 0. 0. 1.</data></camera_matrix>
<distortion_coefficients type_id="opencv-matrix">
  <rows>1</rows>
  <cols>5</cols>
  <dt>d</dt>
  <data>
    1.7871378928294575e-06 -3.7558210228181833e-06
    3.7470999563626667e-09 3.9375346313493929e-07 2.0074630336560278e-06</data></distortion_coefficients>
</opencv_storage>
