<?xml version="1.0"?>
<opencv_storage>
<camera_matrix type_id="opencv-matrix">
  <rows>3</rows>
  <cols>3</cols>
  <dt>d</dt>
  <data>
    8.9999984210621903e+02 0. 9.5999993273526718e+02 0.
    8.9999972233513688e+02 5.3999984347268628e+02 0. 0. 1.</data></camera_matrix>
<distortion_coefficients type_id="opencv-matrix">
  <rows>1</rows>
  <cols>5</cols>
  <dt>d</dt>
  <data>
    2.0492319573656967e-07 -3.8630198732543569e-07
    1.3620087535312478e-08 -3.0418190967279712e-08
    4.0716315237280477e-07</data></distortion_coefficients>
</opencv_storage>
