<?xml version="1.0"?>
<opencv_storage>
<camera_matrix type_id="opencv-matrix">
  <rows>3</rows>
  <cols>3</cols>
  <dt>d</dt>
  <data>
    8.9999982854358223e+02 0. 9.6000078115185318e+02 0.
    8.9999981872094872e+02 5.3999997301606049e+02 0. 0. 1.</data></camera_matrix>
<distortion_coefficients type_id="opencv-matrix">
  <rows>1</rows>
  <cols>5</cols>
  <dt>d</dt>
  <data>
    -1.4835566250274720e-06 2.5928289291308731e-06
    -1.7526130195932335e-08 3.3312731137780333e-07
    -1.2321203374395252e-06</data></distortion_coefficients>
</opencv_storage>
