<?xml version="1.0"?>
<opencv_storage>
<camera_matrix type_id="opencv-matrix">
  <rows>3</rows>
  <cols>3</cols>
  <dt>d</dt>
  <data>
    9.0000031793451353e+02 0. 9.5999983200021313e+02 0.
    9.0000016588391372e+02 5.3999933782524386e+02 0. 0. 1.</data></camera_matrix>
<distortion_coefficients type_id="opencv-matrix">
  <rows>1</rows>
  <cols>5</cols>
  <dt>d</dt>
  <data>
    -2.9519827162154126e-06 4.8057420914416098e-06
    -2.5073674539813471e-08 -8.9506874171101570e-08
    -2.4379047954376163e-06</data></distortion_coefficients>
</opencv_storage>
