<?xml version="1.0"?>
<opencv_storage>
<camera_matrix type_id="opencv-matrix">
  <rows>3</rows>
  <cols>3</cols>
  <dt>d</dt>
  <data>
    8.9999982606047183e+02 0. 9.5999898587634391e+02 0.
    8.9999963944862395e+02 5.4000098316412073e+02 0. 0. 1.</data></camera_matrix>
<distortion_coefficients type_id="opencv-matrix">
  <rows>1</rows>
  <cols>5</cols>
  <dt>d</dt>
  <data>
    4.7471449682356023e-07 -2.0349030102773523e-07
    1.8612216553659436e-07 -1.8375469577928092e-07
    1.2527037016615060e-07</data></distortion_coefficients>
</opencv_storage>
