<?xml version="1.0"?>
<opencv_storage>
<camera_matrix type_id="opencv-matrix">
  <rows>3</rows>
  <cols>3</cols>
  <dt>d</dt>
  <data>
    9.0000000314954207e+02 0. 9.5999985095634736e+02 0.
    8.9999975742860443e+02 5.4000028618247961e+02 0. 0. 1.</data></camera_matrix>
<distortion_coefficients type_id="opencv-matrix">
  <rows>1</rows>
  <cols>5</cols>
  <dt>d</dt>
  <data>
    -1.4482134866090628e-06 2.2229078496190650e-06
    -2.6469151494679528e-09 -6.3365949614350231e-08
    -9.6899854770902129e-07</data></distortion_coefficients>
</opencv_storage>
