<?xml version="1.0"?>
<opencv_storage>
<camera_matrix type_id="opencv-matrix">
  <rows>3</rows>
  <cols>3</cols>
  <dt>d</dt>
  <data>
    8.9999980499712115e+02 0. 9.5999975327396271e+02 0.
    8.9999974627687925e+02 5.4000035178898099e+02 0. 0. 1.</data></camera_matrix>
<distortion_coefficients type_id="opencv-matrix">
  <rows>1</rows>
  <cols>5</cols>
  <dt>d</dt>
  <data>
    -1.2017125727860131e-06 2.7393353883573105e-06
    -1.2361751427608465e-08 -9.0372420821704966e-08
    -1.5802756034748317e-06</data></distortion_coefficients>
</opencv_storage>
