<?xml version="1.0"?>
<opencv_storage>
<camera_matrix type_id="opencv-matrix">
  <rows>3</rows>
  <cols>3</cols>
  <dt>d</dt>
  <data>
    8.9999985327202364e+02 0. 9.6000041530504120e+02 0.
    8.9999998604885286e+02 5.4000057873919843e+02 0. 0. 1.</data></camera_matrix>
<distortion_coefficients type_id="opencv-matrix">
  <rows>1</rows>
  <cols>5</cols>
  <dt>d</dt>
  <data>
    -1.1217509910795620e-07 -4.9274458279478838e-07
    1.3135763021540762e-08 1.5752751801139935e-07 7.7457258164300095e-07</data></distortion_coefficients>
</opencv_storage>
