<?xml version="1.0"?>
<opencv_storage>
<camera_matrix type_id="opencv-matrix">
  <rows>3</rows>
  <cols>3</cols>
  <dt>d</dt>
  <data>
    9.0000031560481477e+02 0. 9.6000082147594446e+02 0.
    9.0000027093348774e+02 5.3999977467820452e+02 0. 0. 1.</data></camera_matrix>
<distortion_coefficients type_id="opencv-matrix">
  <rows>1</rows>
  <cols>5</cols>
  <dt>d</dt>
  <data>
    -2.1851717180075970e-06 2.4401280233801317e-06
    5.2614349162605278e-08 3.0334061497387027e-07
    -6.2455551643296472e-07</data></distortion_coefficients>
</opencv_storage>
