<?xml version="1.0"?>
<opencv_storage>
<camera_matrix type_id="opencv-matrix">
  <rows>3</rows>
  <cols>3</cols>
  <dt>d</dt>
  <data>
    8.9999937407630318e+02 0. 9.6000040179980090e+02 0.
    8.9999957651924774e+02 5.4000016741544061e+02 0. 0. 1.</data></camera_matrix>
<distortion_coefficients type_id="opencv-matrix">
  <rows>1</rows>
  <cols>5</cols>
  <dt>d</dt>
  <data>
    3.0877399662597299e-07 -1.3527799688064321e-06
    -1.7377975173338030e-08 1.5960045965769900e-07
    8.0496523407489763e-07</data></distortion_coefficients>
</opencv_storage>
