<?xml version="1.0"?>
<opencv_storage>
<rvec type_id="opencv-matrix">
  <rows>3</rows>
  <cols>1</cols>
  <dt>d</dt>
  <data>
    1.3472368963861019e+00 -1.3107486739351135e+00
    1.1057055036061125e+00</data></rvec>
<tvec type_id="opencv-matrix">
  <rows>3</rows>
  <cols>1</cols>
  <dt>d</dt>
  <data>
    7.1705307724427039e+00 2.7216187718685543e+00
    -1.0843411770924405e+00</data></tvec>
</opencv_storage>
