<?xml version="1.0"?>
<opencv_storage>
<rvec type_id="opencv-matrix">
  <rows>3</rows>
  <cols>1</cols>
  <dt>d</dt>
  <data>
    1.7182152177121599e+00 -3.1380197712374192e-01
    2.6492851297079162e-01</data></rvec>
<tvec type_id="opencv-matrix">
  <rows>3</rows>
  <cols>1</cols>
  <dt>d</dt>
  <data>
    -7.5657177399597524e+00 3.0067370843095427e+00
    -2.7677010634156223e+00</data></tvec>
</opencv_storage>
