<?xml version="1.0"?>
<opencv_storage>
<rvec type_id="opencv-matrix">
  <rows>3</rows>
  <cols>1</cols>
  <dt>d</dt>
  <data>
    1.6221223906365554e+00 -1.5781884210551049e+00
    8.8021038695513931e-01</data></rvec>
<tvec type_id="opencv-matrix">
  <rows>3</rows>
  <cols>1</cols>
  <dt>d</dt>
  <data>
    7.1705310462420258e+00 3.6783512550245780e+00 4.7656082283393791e-01</data></tvec>
</opencv_storage>
