<?xml version="1.0"?>
<opencv_storage>
<rvec type_id="opencv-matrix">
  <rows>3</rows>
  <cols>1</cols>
  <dt>d</dt>
  <data>
    1.5544183646146272e+00 1.5174286544498903e+00
    -1.2183870734528333e+00</data></rvec>
<tvec type_id="opencv-matrix">
  <rows>3</rows>
  <cols>1</cols>
  <dt>d</dt>
  <data>
    -6.0095062788266000e+00 -5.9042633528119230e+00
    1.9334522602816968e+01</data></tvec>
</opencv_storage>
