<?xml version="1.0"?>
<opencv_storage>
<rvec type_id="opencv-matrix">
  <rows>3</rows>
  <cols>1</cols>
  <dt>d</dt>
  <data>
    -4.0420297584353709e-01 -2.5534756958690075e+00
    2.1170856582150499e+00</data></rvec>
<tvec type_id="opencv-matrix">
  <rows>3</rows>
  <cols>1</cols>
  <dt>d</dt>
  <data>
    4.2871067253648993e+00 -7.5972727176076393e-01
    1.7525290943891047e+01</data></tvec>
</opencv_storage>
