<?xml version="1.0"?>
<opencv_storage>
<rvec type_id="opencv-matrix">
  <rows>3</rows>
  <cols>1</cols>
  <dt>d</dt>
  <data>
    2.1143347337507361e+00 1.4213418131948299e+00
    -4.7785074809440875e-01</data></rvec>
<tvec type_id="opencv-matrix">
  <rows>3</rows>
  <cols>1</cols>
  <dt>d</dt>
  <data>
    -1.1748095299562221e+01 -6.7178742509010814e+00
    5.4079678297373945e+00</data></tvec>
</opencv_storage>
