<?xml version="1.0"?>
<opencv_storage>
<rvec type_id="opencv-matrix">
  <rows>3</rows>
  <cols>1</cols>
  <dt>d</dt>
  <data>
    1.8613962941233471e+00 1.9151771880248654e+00
    -9.6814466564653412e-01</data></rvec>
<tvec type_id="opencv-matrix">
  <rows>3</rows>
  <cols>1</cols>
  <dt>d</dt>
  <data>
    -1.7665421007948867e+00 -1.2211638885017207e+01
    1.3169379115640304e+01</data></tvec>
</opencv_storage>
