<?xml version="1.0"?>
<opencv_storage>
<rvec type_id="opencv-matrix">
  <rows>3</rows>
  <cols>1</cols>
  <dt>d</dt>
  <data>
    2.1516798380586311e+00 -3.9296589315121366e-01
    2.0500040877324516e-01</data></rvec>
<tvec type_id="opencv-matrix">
  <rows>3</rows>
  <cols>1</cols>
  <dt>d</dt>
  <data>
    -7.5657180091850416e+00 4.6873280345342749e+00
    -6.7170759964454962e-01</data></tvec>
</opencv_storage>
