<?xml version="1.0"?>
<opencv_storage>
<rvec type_id="opencv-matrix">
  <rows>3</rows>
  <cols>1</cols>
  <dt>d</dt>
  <data>
    1.8448486914540090e+00 9.4105216903556244e-01
    -6.0709004573347791e-01</data></rvec>
<tvec type_id="opencv-matrix">
  <rows>3</rows>
  <cols>1</cols>
  <dt>d</dt>
  <data>
    -1.4686894846072635e+01 -1.2009514542123425e+00
    5.0220935413814702e+00</data></tvec>
</opencv_storage>
