<?xml version="1.0"?>
<opencv_storage>
<camera_matrix type_id="opencv-matrix">
  <rows>3</rows>
  <cols>3</cols>
  <dt>d</dt>
  <data>
    9.0000015909998274e+02 0. 9.5999967710801559e+02 0.
    9.0000008004150118e+02 5.4000013214194576e+02 0. 0. 1.</data></camera_matrix>
<distortion_coefficients type_id="opencv-matrix">
  <rows>1</rows>
  <cols>5</cols>
  <dt>d</dt>
  <data>
    -2.6278133188057133e-06 6.2852378873189370e-06
    -2.3110474980977274e-08 7.3171529077912420e-08
    -3.7010783083847229e-06</data></distortion_coefficients>
</opencv_storage>
