<?xml version="1.0"?>
<opencv_storage>
<camera_matrix type_id="opencv-matrix">
  <rows>3</rows>
  <cols>3</cols>
  <dt>d</dt>
  <data>
    4.0066674427683483e+02 0. 5.3999992289440581e+02 0.
    4.0066686578971149e+02 9.6000009136598771e+02 0. 0. 1.</data></camera_matrix>
<distortion_coefficients type_id="opencv-matrix">
  <rows>1</rows>
  <cols>5</cols>
  <dt>d</dt>
  <data>
    -2.0348285078050702e-02 -1.3707454386139449e-05
    -2.4531968657086015e-03 5.7687787188698781e-03
    8.5038061567803050e-08</data></distortion_coefficients>
</opencv_storage>
