<?xml version="1.0"?>
<opencv_storage>
<camera_matrix type_id="opencv-matrix">
  <rows>3</rows>
  <cols>3</cols>
  <dt>d</dt>
  <data>
    8.9999904464539725e+02 0. 9.6000020423603974e+02 0.
    8.9999905205349455e+02 5.4000302891313436e+02 0. 0. 1.</data></camera_matrix>
<distortion_coefficients type_id="opencv-matrix">
  <rows>1</rows>
  <cols>5</cols>
  <dt>d</dt>
  <data>
    3.3621789913862245e-06 -5.2357084384622318e-06
    1.8155218811551517e-08 9.9046444677263399e-08 2.2889197414396026e-06</data></distortion_coefficients>
</opencv_storage>
