<?xml version="1.0"?>
<opencv_storage>
<camera_matrix type_id="opencv-matrix">
  <rows>3</rows>
  <cols>3</cols>
  <dt>d</dt>
  <data>
    9.1259755893835415e+02 0. 8.8483896725496470e+02 0.
    9.0309351231491758e+02 5.5683772288107969e+02 0. 0. 1.</data></camera_matrix>
<distortion_coefficients type_id="opencv-matrix">
  <rows>1</rows>
  <cols>5</cols>
  <dt>d</dt>
  <data>
    -5.8335768762802373e-02 4.9571811278914357e-02
    5.5683662480957375e-03 -1.9607722531408817e-02
    -1.4601078946463317e-02</data></distortion_coefficients>
</opencv_storage>
