<?xml version="1.0"?>
<opencv_storage>
<camera_matrix type_id="opencv-matrix">
  <rows>3</rows>
  <cols>3</cols>
  <dt>d</dt>
  <data>
    8.9999847223550171e+02 0. 9.5999952003432918e+02 0.
    8.9999888402174145e+02 5.4000163223767959e+02 0. 0. 1.</data></camera_matrix>
<distortion_coefficients type_id="opencv-matrix">
  <rows>1</rows>
  <cols>5</cols>
  <dt>d</dt>
  <data>
    1.2427921899760046e-05 -2.5107403288166705e-05
    4.3993415054849869e-08 -4.6576389553345973e-08
    1.3372682485443006e-05</data></distortion_coefficients>
</opencv_storage>
