<?xml version="1.0"?>
<opencv_storage>
<camera_matrix type_id="opencv-matrix">
  <rows>3</rows>
  <cols>3</cols>
  <dt>d</dt>
  <data>
    9.0000000441603004e+02 0. 9.6000099511119117e+02 0.
    8.9999967378194174e+02 5.3999915927886491e+02 0. 0. 1.</data></camera_matrix>
<distortion_coefficients type_id="opencv-matrix">
  <rows>1</rows>
  <cols>5</cols>
  <dt>d</dt>
  <data>
    -5.9779968958782805e-06 6.8003053001636367e-06
    -4.6841883450937392e-07 4.8738793179452732e-07
    -2.5217659162092948e-06</data></distortion_coefficients>
</opencv_storage>
