<?xml version="1.0"?>
<opencv_storage>
<camera_matrix type_id="opencv-matrix">
  <rows>3</rows>
  <cols>3</cols>
  <dt>d</dt>
  <data>
    5.2452253652675188e+02 0. 5.3999999993195479e+02 0.
    5.2452253782955790e+02 9.5999999987497449e+02 0. 0. 1.</data></camera_matrix>
<distortion_coefficients type_id="opencv-matrix">
  <rows>1</rows>
  <cols>5</cols>
  <dt>d</dt>
  <data>
    -1.5279296040864346e-02 5.3284718371011650e-05
    -5.8481490432937527e-03 2.0407811386307338e-03
    -4.8870851373517611e-08</data></distortion_coefficients>
</opencv_storage>
