<?xml version="1.0"?>
<opencv_storage>
<rvec type_id="opencv-matrix">
  <rows>3</rows>
  <cols>1</cols>
  <dt>d</dt>
  <data>
    -5.5615119457994444e-01 -1.6591277658467485e+00
    -1.9931360836875516e+00</data></rvec>
<tvec type_id="opencv-matrix">
  <rows>3</rows>
  <cols>1</cols>
  <dt>d</dt>
  <data>
    7.4575911346680508e+00 2.9266937221571068e+00
    -2.9904239938867661e+01</data></tvec>
</opencv_storage>
