<?xml version="1.0"?>
<opencv_storage>
<rvec type_id="opencv-matrix">
  <rows>3</rows>
  <cols>1</cols>
  <dt>d</dt>
  <data>
    4.2291059283167415e-01 -2.1861484040870773e+00
    1.7726050479136257e+00</data></rvec>
<tvec type_id="opencv-matrix">
  <rows>3</rows>
  <cols>1</cols>
  <dt>d</dt>
  <data>
    2.3181861397864864e+01 2.1289789059701256e-01 6.5399915400576800e+00</data></tvec>
</opencv_storage>
