<?xml version="1.0"?>
<opencv_storage>
<rvec type_id="opencv-matrix">
  <rows>3</rows>
  <cols>1</cols>
  <dt>d</dt>
  <data>
    -1.3937666626550884e+00 -2.5454695837996988e-01
    -2.9909180188500034e-01</data></rvec>
<tvec type_id="opencv-matrix">
  <rows>3</rows>
  <cols>1</cols>
  <dt>d</dt>
  <data>
    -1.6184203528374304e+01 -1.6353235306734266e+00
    -5.5398213700600465e+00</data></tvec>
</opencv_storage>
