<?xml version="1.0"?>
<opencv_storage>
<rvec type_id="opencv-matrix">
  <rows>3</rows>
  <cols>1</cols>
  <dt>d</dt>
  <data>
    -3.7522140592681424e-01 -1.7990290228218289e+00
    -2.1563593173344260e+00</data></rvec>
<tvec type_id="opencv-matrix">
  <rows>3</rows>
  <cols>1</cols>
  <dt>d</dt>
  <data>
    1.4283623653496873e+01 2.3610759054333461e+00
    -2.7363907322867519e+01</data></tvec>
</opencv_storage>
