<?xml version="1.0"?>
<opencv_storage>
<rvec type_id="opencv-matrix">
  <rows>3</rows>
  <cols>1</cols>
  <dt>d</dt>
  <data>
    -9.0913598055829836e-01 8.5339185641348692e-01
    1.6385433039456658e+00</data></rvec>
<tvec type_id="opencv-matrix">
  <rows>3</rows>
  <cols>1</cols>
  <dt>d</dt>
  <data>
    8.2917121167042254e+00 -6.0479268199980896e-01
    1.0376244997165682e+00</data></tvec>
</opencv_storage>
