<?xml version="1.0"?>
<opencv_storage>
<rvec type_id="opencv-matrix">
  <rows>3</rows>
  <cols>1</cols>
  <dt>d</dt>
  <data>
    -1.3539536848793952e+00 4.2005107371329309e-01
    5.6130094317679213e-01</data></rvec>
<tvec type_id="opencv-matrix">
  <rows>3</rows>
  <cols>1</cols>
  <dt>d</dt>
  <data>
    -3.1051727415783144e+00 -3.0547130438462813e+00
    2.2325047730678000e+00</data></tvec>
</opencv_storage>
