<?xml version="1.0"?>
<opencv_storage>
<rvec type_id="opencv-matrix">
  <rows>3</rows>
  <cols>1</cols>
  <dt>d</dt>
  <data>
    -1.2065023185313957e+00 -8.7500485430281516e-01
    -1.0449049343231689e+00</data></rvec>
<tvec type_id="opencv-matrix">
  <rows>3</rows>
  <cols>1</cols>
  <dt>d</dt>
  <data>
    -1.4557870242171624e+01 1.0110938568610459e+00
    -2.0555122354859801e+01</data></tvec>
</opencv_storage>
