<?xml version="1.0"?>
<opencv_storage>
<rvec type_id="opencv-matrix">
  <rows>3</rows>
  <cols>1</cols>
  <dt>d</dt>
  <data>
    1.0313882807621200e-06 -2.0165616786097962e+00
    -2.4089596950516627e+00</data></rvec>
<tvec type_id="opencv-matrix">
  <rows>3</rows>
  <cols>1</cols>
  <dt>d</dt>
  <data>
    6.6700118705312574e+00 2.9786739997332018e-01
    -1.5875007945159126e+01</data></tvec>
</opencv_storage>
