<?xml version="1.0"?>
<opencv_storage>
<rvec type_id="opencv-matrix">
  <rows>3</rows>
  <cols>1</cols>
  <dt>d</dt>
  <data>
    -4.0633577856181366e-02 -1.7102670103960744e+00
    -2.4817642979688816e+00</data></rvec>
<tvec type_id="opencv-matrix">
  <rows>3</rows>
  <cols>1</cols>
  <dt>d</dt>
  <data>
    7.6644419463600940e+01 8.2145390231265907e+00
    -1.5511962604152609e+01</data></tvec>
</opencv_storage>
