<?xml version="1.0"?>
<opencv_storage>
<rvec type_id="opencv-matrix">
  <rows>3</rows>
  <cols>1</cols>
  <dt>d</dt>
  <data>
    -1.2585056466529339e+00 -7.6214861288127778e-01
    -8.9577550090370717e-01</data></rvec>
<tvec type_id="opencv-matrix">
  <rows>3</rows>
  <cols>1</cols>
  <dt>d</dt>
  <data>
    -1.7891892882605386e+01 3.4802320297393741e-01
    -1.7754605913998720e+01</data></tvec>
</opencv_storage>
