<?xml version="1.0"?>
<opencv_storage>
<rvec type_id="opencv-matrix">
  <rows>3</rows>
  <cols>1</cols>
  <dt>d</dt>
  <data>
    -1.3937667690751927e+00 -2.5454841654827348e-01
    -2.9909298938417650e-01</data></rvec>
<tvec type_id="opencv-matrix">
  <rows>3</rows>
  <cols>1</cols>
  <dt>d</dt>
  <data>
    -1.6184194771635468e+01 -1.6353246240518378e+00
    -5.5398493690938473e+00</data></tvec>
</opencv_storage>
