<?xml version="1.0"?>
<opencv_storage>
<rvec type_id="opencv-matrix">
  <rows>3</rows>
  <cols>1</cols>
  <dt>d</dt>
  <data>
    -4.2379822896133790e-02 -2.0050538010913783e+00
    -2.3890332864448247e+00</data></rvec>
<tvec type_id="opencv-matrix">
  <rows>3</rows>
  <cols>1</cols>
  <dt>d</dt>
  <data>
    6.0977604577825186e+00 2.5649968943816148e-01
    -1.6117040672082695e+01</data></tvec>
</opencv_storage>
