<?xml version="1.0"?>
<opencv_storage>
<rvec type_id="opencv-matrix">
  <rows>3</rows>
  <cols>1</cols>
  <dt>d</dt>
  <data>
    -1.3539552019366525e+00 4.2005036494888148e-01
    5.6129972797781835e-01</data></rvec>
<tvec type_id="opencv-matrix">
  <rows>3</rows>
  <cols>1</cols>
  <dt>d</dt>
  <data>
    -2.9642765602400778e+00 -3.1408287557228043e+00
    2.7450705998589404e+00</data></tvec>
</opencv_storage>
