<?xml version="1.0"?>
<opencv_storage>
<rvec type_id="opencv-matrix">
  <rows>3</rows>
  <cols>1</cols>
  <dt>d</dt>
  <data>
    -7.8668728792267417e-01 -7.2749415330353273e-01
    -9.3372002905700313e-01</data></rvec>
<tvec type_id="opencv-matrix">
  <rows>3</rows>
  <cols>1</cols>
  <dt>d</dt>
  <data>
    -1.1017288915925395e+01 5.4186623140051919e+00
    -1.5261471618473461e+01</data></tvec>
</opencv_storage>
