<?xml version="1.0"?>
<opencv_storage>
<rvec type_id="opencv-matrix">
  <rows>3</rows>
  <cols>1</cols>
  <dt>d</dt>
  <data>
    -5.5712877246907688e-01 -1.6585752759588224e+00
    -1.9924881289123919e+00</data></rvec>
<tvec type_id="opencv-matrix">
  <rows>3</rows>
  <cols>1</cols>
  <dt>d</dt>
  <data>
    7.5675793955367094e+00 2.8312749752192241e+00
    -2.9403194355236177e+01</data></tvec>
</opencv_storage>
