<?xml version="1.0"?>
<opencv_storage>
<rvec type_id="opencv-matrix">
  <rows>3</rows>
  <cols>1</cols>
  <dt>d</dt>
  <data>
    -1.3435318314328661e+00 4.4439560727236876e-01
    5.3054914958942856e-01</data></rvec>
<tvec type_id="opencv-matrix">
  <rows>3</rows>
  <cols>1</cols>
  <dt>d</dt>
  <data>
    -3.0791222836462326e+00 -3.0283234484756609e+00
    2.7450716867181195e+00</data></tvec>
</opencv_storage>
