<?xml version="1.0"?>
<opencv_storage>
<rvec type_id="opencv-matrix">
  <rows>3</rows>
  <cols>1</cols>
  <dt>d</dt>
  <data>
    -1.3937671326892196e+00 -2.5454790943057271e-01
    -2.9909247419172613e-01</data></rvec>
<tvec type_id="opencv-matrix">
  <rows>3</rows>
  <cols>1</cols>
  <dt>d</dt>
  <data>
    -1.5820373872346481e+01 -1.5718489559343574e+00
    -5.9317602099439082e+00</data></tvec>
</opencv_storage>
