<?xml version="1.0"?>
<opencv_storage>
<rvec type_id="opencv-matrix">
  <rows>3</rows>
  <cols>1</cols>
  <dt>d</dt>
  <data>
    -1.1447656835720263e+00 9.4475275728404229e-01
    1.1631855727576137e+00</data></rvec>
<tvec type_id="opencv-matrix">
  <rows>3</rows>
  <cols>1</cols>
  <dt>d</dt>
  <data>
    7.5275770839707361e+00 -2.7869195908118192e+00
    1.8176016116593887e+00</data></tvec>
</opencv_storage>
