<?xml version="1.0"?>
<opencv_storage>
<rvec type_id="opencv-matrix">
  <rows>3</rows>
  <cols>1</cols>
  <dt>d</dt>
  <data>
    -1.1362828203364030e+00 9.5154613239402941e-01
    1.1516336249035808e+00</data></rvec>
<tvec type_id="opencv-matrix">
  <rows>3</rows>
  <cols>1</cols>
  <dt>d</dt>
  <data>
    7.4868071369351812e+00 -2.8946634464869287e+00
    1.8175952780299705e+00</data></tvec>
</opencv_storage>
